Year TOTAL	    Grand Total	%Change
1990	3,235,860	
1991	3,532,651	9.2%
1992	3,581,540	1.4%
1993	3,410,447	-4.8%
1994	3,468,055	1.7%
1995	3,345,274	-3.5%
1996	3,837,113	14.7%
1997	4,218,208	9.9%
1998	4,106,057	-2.7%
1999	4,437,863	8.1%
2000	4,757,146	7.2%
2001	4,771,555	0.3%
2002	5,238,963	9.8%
2003	5,211,725	-0.5%
2004	6,137,905	17.8%
2005	6,727,926	9.6%
2006	7,334,077	9.0%
2007	8,346,969	13.8%
2008	8,350,835	0.0%
2009	6,789,658	-18.7%
2010	8,611,175	26.8%
2011	6,218,752	-27.8%
2012	8,358,105	34.4%
2013	10,363,904	24.0%
2014	13,413,467	29.4%
2015	19,737,409	47.1%
2016	24,039,700	21.8%
2017	28,690,900	19.3%
